69: A1 F0 00 3E 00 14 00 00 00 1D 00 00 00 40 1D 00 00 00 34 00 00 00 01 02 60 00 47 02 61 00 47 02 62 00 47 02 63 00 47 02 64 00 47 02 65 00 47 02 66 00 47 02 67 00 47 02 68 00 47 02 6D 00 47 02 6E 00 47 81 A2 	
8: A1 F1 01 01 00 00 F1 A2 	
37: A1 F0 01 1E 00 14 00 00 00 28 00 00 00 40 28 00 00 00 14 00 00 00 01 00 04 00 12 01 31 2D 00 00 01 00 27 83 A2 	
8: A1 F1 02 01 00 00 F2 A2 	
29: A1 F0 02 16 00 14 00 00 00 E5 01 00 00 41 E5 00 00 00 0C 00 00 00 01 00 02 00 87 38 A2 	
8: A1 F1 03 01 00 00 F3 A2 	
41: A1 F0 03 22 00 14 00 00 00 41 00 00 00 40 41 00 00 00 18 00 00 00 01 00 01 00 C3 FF FF 00 C7 10 03 00 CB 00 00 00 CF 8E A2 	
8: A1 F1 04 01 00 00 F4 A2 	
41: A1 F0 04 22 00 14 00 00 00 21 01 00 00 41 21 00 00 00 18 00 00 00 01 00 20 00 E3 00 00 00 DB 00 00 00 E7 00 01 00 F3 96 A2 	
8: A1 F1 05 01 00 00 F5 A2 	
33: A1 F0 05 1A 00 14 00 00 00 52 00 00 00 40 52 00 00 00 10 00 00 00 01 00 01 10 BF 00 02 10 C3 D5 A2 	
8: A1 F1 06 01 00 00 F6 A2 	
57: A1 F0 06 32 00 14 00 00 00 48 01 00 00 41 48 00 00 00 28 00 00 00 01 00 02 0F 03 00 02 0F 07 00 02 0F 0B 00 02 0F 0F 00 02 0F 13 00 02 0F 17 00 02 0F 1B 00 02 0F 1F B9 A2 	
8: A1 F1 07 01 00 00 F7 A2 	
37: A1 F0 07 1E 00 14 00 00 00 11 00 00 00 40 11 00 00 00 14 00 00 00 01 00 01 01 F7 00 00 01 FF 00 01 01 F3 52 A2 	
8: A1 F1 08 01 00 00 F8 A2 	
